20150331,1,1,1,1,0,004,216,五十度灰,969301058,1
20150331,4,1,1093,948,0,010,h11,专题,2,1
20150331,4,1,45145,37468,0,023,c21,体育,3,1
20150331,2,1,37755,29458,25,003,h11,韩剧,7,1
20150331,2,1,712,567,0,010,h11,专题,3,1
20150331,1,1,13802,11203,0,023,c21,体育,4,1
20150331,78,1,2542521,662222,0,031,c66,1003,3,1
20150331,13,1,102453,62443,0,031,c68,1014,1,1
20150331,19,1,6472,4773,0,033,d31,登录,1,1
20150331,2,1,319488,96161,0,055,e31,全部开始,2,1
20150331,1,1,1,1,0,001,1c,金太狼的幸福生活19,2,1
20150331,4,1,67449,48213,0,002,c11,动漫,5,1
20150331,1,1,4838,3444,0,003,216,2014,-,1
20150331,2,1,24162,11171,0,031,h211,期数,2,1
20150331,8,1,26964,15168,0,032,c65,投屏,4,1
20150331,6,1,17868,13901,0,033,a2,logo,-,1
20150331,1,1,1772,1699,25,003,h11,首页,6,1
20150331,25,1,370771,159809,0,001,h81,缓存中心,2,1
20150331,22,1,176479,116374,0,031,h21,0003,2,1
20150331,88,1,3548377,655766,0,031,h21,剧集,2,1
20150331,12,1,225472,88918,0,031,h21,评论,3,1
20150331,151,1,4473046,1211110,0,032,c66,1002,2,1
20150331,12,1,12341,10703,0,033,d31,未登录,1,1
20150331,33,1,35126,13941,19,010,-,会员,-,1
20150331,17,1,181706,79440,19,032,c68,大tip,3,1
20150331,1,1,9134,7137,25,001,-,电视剧,-,1
20150331,14,1,3776,3120,0,001,210,会员,1,1
20150331,2,1,21027,16057,0,028,c21,卫视台,3,1
20150331,72,1,942639,455100,0,031,h21,0003,3,1
20150331,81,1,1299439,361848,0,031,h21,相关,4,1
20150331,1,1,3,2,0,003,216,倚天屠龙记邓超版,49,1
20150331,3,1,6277,5493,0,034,c72,微信登录,3,1
20150331,51,1,1726336,536283,19,003,-,电视剧,-,1
20150331,1,1,602,548,0,001,12,独播,4,1
20150331,1,1,1305,836,0,006,h11,分类筛选,0,1
20150331,4,1,130729,66029,0,031,h22,缓存,2,1
20150331,3,1,5339,4729,0,032,c687,暂停缓存,1,1
20150331,94,1,59973,42589,0,035,b3,移动版会员套餐,1,1
20150331,8,1,86788,51469,19,074,-,美剧,-,1
20150331,1,1,5434,4585,25,001,-,猜你喜欢,-,1
20150331,2,1,15629,13225,25,003,h11,片花,6,1
20150331,187,1,2651899,1458953,0,001,21,频道,-,1
20150331,6,1,27889,22451,0,004,h11,排行,10,1
20150331,11,1,109917,51683,0,031,c67,暂停,1,1
20150331,2,1,34367,20571,0,054,e321,缓存更多剧集,-,1
20150331,4,1,35233,29616,25,003,h11,独播,4,1
20150331,4,1,145318,107756,0,003,h11,内地,4,1
20150331,17,1,85402,67344,0,032,c650,1009,1,1
20150331,2,1,23014,17624,25,006,h11,首页,1,1
20150331,270,1,3636838,1533037,0,001,21,我的,-,1
20150331,1,1,10207,8411,0,003,212,天使的城,4,1
20150331,17,1,61481,43917,0,004,h11,首页,2,1
20150331,1,1,8402,7821,0,007,212,奔跑吧兄弟独家策划,1,1
20150331,1,1,463,406,0,009,212,新妹魔王的契约者 第12话,4,1
20150331,8,1,42320,35282,0,032,c650,1009,2,1
20150331,1,1,808,725,0,036,c81,返回,1,1
20150331,2,1,42487,28037,0,038,a2,看过,4,1
20150331,1,1,45319,20664,0,003,h11,筛选,0,1
20150331,1,1,17158,9659,0,009,h11,美国,4,1
20150331,25,1,818474,278080,0,031,h211,剧集,2,1
20150331,5,1,29044,26326,0,051,h71,全部删除,2,1
20150331,1,1,48131,31057,25,009,h11,少儿,2,1
20150331,1,1,1,1,0,003,216,白袍之恋,898526274,1
20150331,1,1,304,281,0,004,216,特种兵之战狼,6,1
20150331,3,1,19708,14501,0,004,h11,微电影,11,1
20150331,1,1,48,43,0,001,1c,何以笙箫默20,1,1
20150331,1,1,508,476,0,004,216,天将雄师,5,1
20150331,1,1,1,1,0,004,216,年青时代,965572298,1
20150331,1,1,55229,17856,0,055,e311,正在缓存,-,1
20150331,1,1,1,1,0,004,216,爱疯了,818252866,1
20150331,1,1,3635,1973,0,041,d12,猜你喜欢,2,1
20150331,1,1,62282,44098,25,001,12,电视剧,-,1
20150331,1,1,146,128,0,001,1c,爸爸去哪儿2,1,1
20150331,16,1,54228,41429,0,004,h11,精选,1,1
20150331,258,1,7486469,2143645,0,031,c67,1016,3,1
20150331,11,1,57591,46510,25,004,h11,欧美,7,1
20150331,1,1,37,25,0,001,1c,美国队长2：冬日战士,1,1
20150331,2,1,9737,7675,0,003,h11,新加坡剧,11,1
20150331,1,1,1,1,0,004,216,里约大冒险2,985520070,1
20150331,1,1,1,1,0,004,216,龙虎少年队2,990332618,1
20150331,4,1,33673,26302,0,004,h11,日韩,8,1
20150331,1,1,23,23,0,007,h12,锦绣缘,2,1
20150331,1,1,12289,9273,0,009,212,-,1,1
20150331,53,1,3669,3309,0,031,c69,0023,-,1
20150331,21,1,181519,144271,0,031,h22,0010,5,1
20150331,3,1,87428,54911,25,009,h11,首页,-,1
20150331,5,1,23791,20792,25,076,h11,首页,1,1
20150331,2,1,17070,13618,0,004,h11,片花,5,1
20150331,5,1,1519,1084,0,010,h11,首页,1,1
20150331,4,1,13447,10091,0,032,c675,极速,6,1
20150331,1,1,2143,1639,0,006,h11,中超,4,1
20150331,1,1,12275,5726,0,009,h11,分类筛选,0,1
20150331,2,1,2937,2584,0,032,c654,1011,3,1
20150331,12,1,41830,32052,0,032,c675,流畅,5,1
20150331,48,1,546243,290965,19,041,1a,搜索,3,1
20150331,13,1,6691,5462,0,002,c11,会员,10,1
20150331,1,1,1,1,0,004,216,热爱,969301058,1
20150331,47,1,46308,34379,0,004,h11,会员,3,1
20150331,2,1,26848,16568,0,009,h11,日本,3,1
20150331,1,1,2,1,0,010,216,鬼妈妈 2009年版,814919662,1
20150331,31,1,68720,55933,0,032,c675,2003,3,1
20150331,6,1,1154,1021,0,033,d34,反馈,8,1
20150331,1,1,1,1,0,001,1c,谁是真英雄36,2,1
20150331,1,1,1,1,0,003,216,亿星club,970262218,1
20150331,2,1,24033,18227,0,009,h11,日本,4,1
20150331,2,1,8930,5414,0,031,c687,继续缓存,2,1
20150331,12,1,93054,59473,0,032,c65,0014,9,1
20150331,9,1,6731,5211,0,033,d34,设置,6,1
20150331,2,1,20233,15838,25,003,h11,台剧,8,1
20150331,18,1,247824,144690,25,009,h11,首页,1,1
20150331,1,1,47,45,0,001,1c,透明人2 高清完整版,1,1
20150331,2,1,59139,49200,0,002,c11,综艺,4,1
20150331,1,1,1,1,0,004,216,侏罗纪世界,990332618,1
20150331,1,1,15427,11299,0,007,h11,首页,2,1
20150331,10,1,4962,4239,0,031,c62,0020,-,1
20150331,6,1,34971,32442,0,032,c683,1007,2,1
20150331,1,1,828,796,0,001,210,英超,11,1
20150331,2,1,21917,19733,0,002,a2,搜索,-,1
20150331,1,1,222,188,0,032,c675,2006,4,1
20150331,38,1,3505,2840,0,033,d31,开通会员,3,1
20150331,1,1,14386,12005,25,003,h11,专题,5,1
20150331,3,1,41642,29837,0,001,21,娱乐,7,1
20150331,1,1,73,67,0,004,216,忍者神龟：变种时代,1,1
20150331,2,1,57199,23551,19,006,-,体育,-,1
20150331,1,1,663,628,25,009,h11,首页,4,1
20150331,10,1,879150,344293,0,001,a2,缓存,-,1
20150331,1,1,1430,1160,0,003,216,武侠,-,1
20150331,1,1,5835,5351,0,024,c21,音乐,6,1
20150331,81,1,1136600,485413,0,031,c67,全屏,3,1
20150331,9,1,40158,29279,0,032,c675,2006,6,1
20150331,6,1,11312,9781,0,033,a2,播放记录,-,1
20150331,134,1,3215098,1183543,0,031,h22,0005,1,1
20150331,1,1,6534,3550,0,032,c65,相关,6,1
20150331,115,1,3123625,939365,0,032,c67,1004,1,1
20150331,2,1,7515,5892,0,074,h11,美剧精选,2,1
20150331,36,1,31066,27081,0,001,a2,我的,2,1
20150331,10,1,42631,34293,0,003,h11,美剧,3,1
20150331,1,1,11871,9457,0,007,h11,精选,1,1
20150331,20,1,5629,5002,0,032,c62,0022,-,1
20150331,9,1,244198,89215,0,032,c65,剧集,6,1
20150331,209,1,24633991,1674022,0,032,c67,1001,4,1
20150331,34,1,8892,6555,0,033,d34,会员续费,3,1
20150331,1,1,19,17,0,009,213,一月新番,3,1
20150331,17,1,190275,123359,0,032,c65,0006,5,1
20150331,1,1,26671,20325,0,038,a2,搜索,3,1
20150331,1,1,1,1,0,001,1c,甄嬛传48预告,1,1
20150331,3,1,19930,18015,0,004,212,-,1,1
20150331,1,1,14743,11563,0,004,216,电影,-,1
20150331,1,1,1,1,0,004,216,蓝宇,969301058,1
20150331,17,1,176700,87015,0,031,c67,播放,2,1
20150331,39,1,345885,215850,25,004,h11,首页,-,1
20150331,1,1,145,137,0,001,1c,甄嬛传43,1,1
20150331,1,1,8140,7424,0,004,212,-,2,1
20150331,65,1,3073309,408061,0,031,c66,1001,1,1
20150331,21,1,74051,56611,0,001,21,美剧,2,1
20150331,2,1,3778,3443,0,004,212,-,3,1
20150331,6,1,51872,22651,0,004,h11,分类筛选,0,1
20150331,4,1,382,366,0,032,c62,0022,1,1
20150331,5,1,2466,2288,0,004,212,-,4,1
20150331,13,1,2318,2074,0,032,c62,0022,2,1
20150331,1,1,19330,13603,0,041,d11,搜索返回,1,1
20150331,11,1,283534,113247,19,007,-,综艺,-,1
20150331,13,1,159749,118451,25,003,h11,内地,3,1
20150331,3,1,25932,23033,25,004,h11,排行,10,1
20150331,62,1,596650,421961,0,001,21,直播,-,1
20150331,2,1,1212,1073,0,004,212,-,5,1
20150331,1,1,4849,4011,0,004,216,最新,-,1
20150331,1,1,14993,8622,0,009,h11,内地,5,1
20150331,1,1,1,1,0,010,216,暴走神探,12,1
20150331,93,1,1423117,608068,0,031,h21,0001,1,1
20150331,2,1,22267,18248,0,031,h214,1000,1,1
20150331,1,1,3715,2043,0,041,d12,最新电影,3,1
20150331,1,1,1266,1224,25,004,h11,首页,1,1
20150331,1,1,1621,1493,0,004,212,-,6,1
20150331,1,1,19538,7856,0,009,h11,筛选,0,1
20150331,3,1,22986,15034,0,027,c21,轮播台,2,1
20150331,8,1,49363,40247,0,033,a2,搜索,-,1
20150331,106,1,1719746,459947,19,004,-,电影,-,1
20150331,2,1,12514,5680,19,018,-,汽车,-,1
20150331,103,1,636066,401492,25,004,h11,首页,2,1
20150331,1,1,361,337,0,001,12,体育·nba,3,1
20150331,1,1,177,177,0,001,1c,有种你爱我,2,1
20150331,1,1,8581,6563,0,003,216,2015,-,1
20150331,1,1,1707,1576,0,004,212,-,7,1
20150331,4,1,46187,25602,0,031,c68,1015,2,1
20150331,11,1,9035,7730,0,033,d33,开通会员,4,1
20150331,28,1,1330509,140412,19,031,c68,1008,3,1
20150331,3,1,1241,1158,25,004,h11,首页,3,1
20150331,1,1,1041,909,0,001,11,19:25直播中国vs突尼斯,2,1
20150331,1,1,1,1,0,004,216,安娜•卡列尼娜,969301058,1
20150331,2,1,35354,13533,0,029,c331,视频暂停,-,1
20150331,21,1,439563,133254,0,032,c66,双击,5,1
20150331,5,1,1009,875,0,033,d34,鼓励一下,10,1
20150331,1,1,56,50,0,043,e56,拨打客服电话,1,1
20150331,3,1,21992,19087,25,004,h11,微电影,11,1
20150331,2,1,59065,51615,0,001,11,少年四大名捕,1,1
20150331,1,1,821,777,0,001,12,娱乐,3,1
20150331,33,1,231075,168836,0,002,c11,电影,6,1
20150331,3,1,5080,4711,0,003,212,张震讲故事,2,1
20150331,1,1,11618,6709,0,009,h11,连载,6,1
20150331,3,1,641,555,0,010,212,-,1,1
20150331,1,1,885,774,0,011,h11,专题,3,1
20150331,1,1,462,374,0,011,h11,欧美,9,1
20150331,108,1,1808957,874382,0,031,h21,0004,3,1
20150331,134,1,6563155,1031857,0,032,c66,1003,3,1
20150331,85,1,920209,411050,0,032,c68,1014,1,1
20150331,18,1,9131,6503,25,010,h11,首页,-,1
20150331,10,1,95237,55277,0,001,21,动漫,8,1
20150331,1,1,4302,3128,0,004,216,2014,-,1
20150331,1,1,154,139,0,010,212,-,2,1
20150331,1,1,2200,1788,0,011,h11,演唱会,4,1
20150331,176,1,844557,457868,0,031,h21,0004,4,1
20150331,1,1,56018,25904,19,011,-,音乐,-,1
20150331,11,1,236885,173719,0,002,c11,电视剧,1,1
20150331,2,1,108,94,0,010,212,-,3,1
20150331,3,1,530,275,0,010,h11,分类筛选,0,1
20150331,2,1,6248,5176,0,029,a2,缓存,-,1
20150331,1,1,3393,3045,0,043,e53,高清模式,3,1
20150331,1,1,1,1,0,004,216,乐高大电影,985520070,1
20150331,1,1,1,1,0,010,216,银河护卫队 国语版,878139334,1
20150331,4,1,39592,31870,25,004,h11,日韩,8,1
20150331,3,1,79030,58684,25,007,h11,首页,-,1
20150331,2,1,5792,4883,25,018,h11,首页,1,1
20150331,5,1,50659,43375,25,074,h11,首页,1,1
20150331,1,1,1,1,0,001,1c,家有正太第二季01,2,1
20150331,1,1,4012,3203,0,004,216,好评,-,1
20150331,1,1,1088,640,0,006,212,正直播-国足vs突尼斯,1,1
20150331,2,1,20408,17205,25,004,h11,片花,5,1
20150331,32,1,16519,12116,25,010,h11,首页,1,1
20150331,54,1,482698,361743,0,001,21,热点,-,1
20150331,6,1,25572,20911,0,031,h22,分享,3,1
20150331,1,1,16,16,25,010,h11,首页,2,1
20150331,5,1,35495,24729,0,001,21,体育,5,1
20150331,26,1,156669,111200,0,001,21,发现,-,1
20150331,1,1,2648,2373,0,001,210,音乐,2,1
20150331,8,1,36226,24888,0,001,h81,排行榜,1,1
20150331,2,1,40075,21073,0,002,21,频道,-,1
20150331,1,1,2,1,0,003,216,斗牛，要不要,898526274,1
20150331,3,1,8544,5377,0,031,h2132,相关系列,-,1
20150331,44,1,793423,227422,0,032,c67,暂停,1,1
20150331,1,1,2416,2381,25,003,h11,精选,2,1
20150331,1,1,25855,17711,25,009,h11,专题,3,1
20150331,1,1,440,406,0,001,12,音乐,3,1
20150331,1,1,1,1,0,004,216,天将雄师,990332618,1
20150331,1,1,1761,1393,0,006,h11,英超,5,1
20150331,1,1,8,7,0,010,216,有种你爱我,1,1
20150331,19,1,1245026,94330,0,031,c66,进度,1,1
20150331,1,1,38744,32093,0,031,h223,0011,0,1
20150331,1,1,1560,1419,25,009,h11,专题,4,1
20150331,4,1,58609,43788,25,009,h11,日本,4,1
20150331,1,1,1,1,0,001,1c,外星人与限价房,2,1
20150331,11,1,127741,96845,25,007,h11,首页,2,1
20150331,1,1,30,25,0,001,1c,复仇者联盟,1,1
20150331,2,1,1138,933,0,004,216,会员,-,1
20150331,10,1,58985,46211,0,004,h11,内地,6,1
20150331,5,1,101998,39351,0,004,h11,筛选,0,1
20150331,1,1,5665,4231,0,009,216,日本,-,1
20150331,1,1,10527,6019,0,009,h11,独家,7,1
20150331,1,1,2921,2759,0,031,c683,大tip,2,1
20150331,1,1,15837,7763,0,032,c675,1080p,2,1
20150331,1,1,26248,20282,0,001,11,-,1,1
20150331,1,1,122,113,0,004,213,黑金,43,1
20150331,1,1,1577,1505,0,031,c683,1006,1,1
20150331,11,1,1658,1330,0,031,c69,使用观影券,-,1
20150331,1,1,1320,931,0,031,h214,0008,2,1
20150331,18,1,90591,39449,0,032,c65,0018,2,1
20150331,6,1,32415,19924,0,032,c675,2001,1,1
20150331,2,1,125325,52580,0,055,e31,全部暂停,1,1
20150331,42,1,456834,249640,19,042,1a,搜索,-,1
20150331,1,1,16800,12707,25,003,h11,泰剧,9,1
20150331,9,1,59185,53970,0,001,11,-,2,1
20150331,5,1,1707,1463,0,010,h11,排行,3,1
20150331,1,1,16986,4270,0,031,h2122,剧集,-,1
20150331,1,1,4293,1398,0,032,c65,0012,7,1
20150331,4,1,55194,42639,0,033,d33,我的收藏,2,1
20150331,9,1,12059,9047,0,034,c72,腾讯qq登录,1,1
20150331,1,1,3795,2228,19,072,-,cba,-,1
20150331,3,1,28248,25778,0,001,11,-,3,1
20150331,3,1,834,621,0,010,h11,排行,4,1
20150331,25,1,2597,2169,0,031,c62,开通会员,-,1
20150331,16,1,226748,66192,0,031,h2133,猜你喜欢,-,1
20150331,8,1,38729,31166,25,003,h11,美剧,2,1
20150331,8,1,85509,31302,0,001,a2,logo,-,1
20150331,1,1,6775,5600,0,003,212,婆媳的战国时代,7,1
20150331,1,1,2,1,0,004,216,人间中毒,969301058,1
20150331,1,1,2501,2265,25,003,h11,美剧,3,1
20150331,46,1,350606,275328,0,001,21,专题,-,1
20150331,1,1,426,339,0,003,213,热剧回顾,2,1
20150331,1,1,1,1,0,003,216,我的爱情面包,898526274,1
20150331,1,1,574,394,0,023,c23,直播中,12,1
20150331,1,1,9009,7703,0,025,c21,娱乐,5,1
20150331,94,1,2131238,705155,0,031,c67,1000,2,1
20150331,19,1,464736,143946,0,031,h21,期数,2,1
20150331,22,1,1998,1855,0,032,c69,0023,-,1
20150331,1,1,1884,1779,0,033,d31,看片更流畅,2,1
20150331,8,1,101661,81624,0,051,h71,编辑,1,1
20150331,2,1,8158,7567,0,001,11,-,6,1
20150331,1,1,28006,11286,0,029,c332,视频播放,-,1
20150331,27,1,66455,52607,0,032,c675,2004,4,1
20150331,1,1,18689,10125,0,069,e41,超清,4,1
20150331,1,1,18879,14142,25,013,h11,首页,1,1
20150331,5,1,18917,17782,0,001,11,-,7,1
20150331,1,1,20600,15818,0,003,h11,台剧,9,1
20150331,32,1,1590245,161103,0,031,c67,进度条,4,1
20150331,1,1,8848,6073,0,031,h22,取消收藏,4,1
20150331,1,1,11599,8083,0,003,h11,专题,5,1
20150331,1,1,889,499,0,010,h11,筛选,0,1
20150331,11,1,94433,67074,0,001,21,综艺,6,1
20150331,6,1,1548,1117,0,010,h11,热映大片,2,1
20150331,1,1,13147,5885,0,032,c687,继续缓存,2,1
20150331,4,1,1255,1134,0,033,d34,关于,9,1
20150331,1,1,4456,3343,0,008,h11,首页,2,1
20150331,3,1,34221,26693,0,031,h211,周边视频,3,1
20150331,3,1,4359,3829,0,032,c62,0020,-,1
20150331,19,1,279808,130198,0,032,c67,半屏,3,1
20150331,1,1,37950,17452,0,033,21,我的,-,1
20150331,3,1,512,441,0,033,d31,会员续费,3,1
20150331,3,1,33830,28130,0,051,h71,完成,1,1
20150331,2,1,6629,2816,19,078,-,宠物,-,1
20150331,3,1,27430,23150,25,004,h11,专题,4,1
20150331,1,1,12908,10742,0,003,h11,经典剧,12,1
20150331,1,1,1,1,0,004,216,澳门风云2,909102146,1
20150331,1,1,1,1,0,004,216,爸爸去哪儿,985520070,1
20150331,1,1,1,1,0,004,216,里约大冒险2,990332618,1
20150331,2,1,4510,3129,0,032,c65,禁用缓存,5,1
20150331,26,1,558182,335146,0,042,d21,搜索结果返回,1,1
20150331,4,1,1363,1220,0,043,e51,超级电视,4,1
20150331,1,1,4039,3465,25,001,-,动漫,-,1
20150331,2,1,4718,4337,0,003,212,美版《甄嬛传》,1,1
20150331,36,1,1336122,660008,0,031,h22,0006,2,1
20150331,3,1,476780,53429,0,032,c67,0012,6,1
20150331,1,1,1,1,0,004,216,恋性世代 粤语,969301058,1
20150331,21,1,148422,77505,0,032,c67,清晰度,5,1
20150331,4,1,12702,10216,0,038,a2,我的,2,1
20150331,2,1,3433,3173,0,043,e54,3,3,1
20150331,1,1,8191,6290,0,004,216,动作,-,1
20150331,1,1,1,1,0,004,216,神偷奶爸2 英文版,985520070,1
20150331,1,1,7874,6185,0,007,h11,真人秀,6,1
20150331,81,1,467171,238027,0,032,c67,1005,5,1
20150331,1,1,249,224,0,004,213,反贪风暴,6,1
20150331,1,1,1,1,0,004,216,奔跑吧！兄弟,990332618,1
20150331,1,1,1,1,0,004,216,无尽的爱,969301058,1
20150331,32,1,364222,210962,0,031,c66,1002,2,1
20150331,2,1,3616,3157,0,039,a2,搜索,3,1
20150331,2,1,391,343,0,043,e51,意见反馈,3,1
20150331,9,1,71336,40029,19,031,c68,大tip,3,1
20150331,11,1,3119,2554,25,010,h11,专题,2,1
20150331,49,1,1135947,308756,0,032,c67,播放,2,1
20150331,1,1,13382,10454,25,072,h11,首页,1,1
20150331,239,1,121607091,2036893,0,032,c66,1001,1,1
20150331,31,1,8601,6329,0,035,b3,tv版会员套餐,2,1
20150331,1,1,4,4,0,041,d123,私奔公路,3,1
20150331,1,1,1,1,0,004,216,河东狮吼2,990332618,1
20150331,236,1,9806544,2498866,0,031,h21,0002,2,1
20150331,6,1,5318,4138,0,033,d34,登录,1,1
20150331,46,1,208733,141389,0,001,21,电影,4,1
20150331,1,1,1,1,0,004,216,撒娇女人最好命,965572298,1
20150331,1,1,39992,17840,0,031,h21,0002,3,1
20150331,2,1,25229,18596,0,031,h22,收藏,4,1
20150331,6,1,24597,20273,0,031,h223,取消,0,1
20150331,1,1,327,291,0,043,e51,扫描二维码,5,1
20150331,18,1,118019,83427,19,032,c68,0015,4,1
20150331,1,1,30499,25020,25,001,12,美剧,-,1
20150331,1,1,9050,7792,25,007,h11,专题,3,1
20150331,1,1,21245,17923,25,001,12,动漫,-,1
20150331,261,1,6065973,2596095,0,001,21,首页,-,1
20150331,1,1,29,28,0,003,216,五个手指头,8,1
20150331,8,1,63048,45125,0,003,h11,首页,2,1
20150331,10,1,1555,1292,0,033,d33,会员续费,4,1
20150331,1,1,7023,6095,25,074,h11,周一,2,1
20150331,20,1,359973,213103,0,001,a2,看过,4,1
20150331,1,1,9704,7341,0,003,h11,排行,13,1
20150331,1,1,6249,4647,0,004,216,2015,-,1
20150331,3,1,34486,27170,0,004,h11,港台,9,1
20150331,4,1,28690,17139,0,032,c65,缓存,5,1
20150331,27,1,194914,120499,0,032,c68,1015,2,1
20150331,126,1,1715904,701193,0,051,h72,-,-,1
20150331,52,1,3952853,367501,19,032,c68,1008,3,1
20150331,10,1,103045,80486,25,004,h11,内地,6,1
20150331,3,1,51156,34346,0,033,a2,缓存,-,1
20150331,9,1,7507,6263,0,033,d34,我的追剧,5,1
20150331,2,1,1875,1431,0,034,c72,新浪微博登录,2,1
20150331,1,1,13,11,0,001,1c,银河护卫队,1,1
20150331,20,1,425696,251355,0,001,a2,播放记录,-,1
20150331,3,1,45762,35016,0,003,h11,韩剧,8,1
20150331,2,1,4502,3710,0,031,h2131,相关,1,1
20150331,5,1,42332,25525,19,076,-,自制,-,1
20150331,12,1,4339,3514,25,010,h11,排行,3,1
20150331,31,1,325271,215161,0,001,21,电视剧,3,1
20150331,34,1,158906,98980,0,001,21,首页,1,1
20150331,1,1,1,1,0,003,216,犯罪心理第十季,862432322,1
20150331,1,1,9212,5085,0,009,h11,短片,8,1
20150331,2,1,37030,27492,0,003,h11,精选,1,1
20150331,1,1,2,1,0,010,216,海绵宝宝之海神王皇冠,814919662,1
20150331,7,1,185861,68962,0,032,c656,剧集,-,1
20150331,10,1,8513,6342,0,033,d34,收藏夹,4,1
20150331,1,1,276,259,0,001,1c,甄嬛传67,1,1
20150331,1,1,1,1,0,003,216,犯罪心理第九季,862432322,1
20150331,8,1,31235,24748,0,032,c675,超清,3,1
20150331,1,1,28437,12611,19,072,-,游戏,-,1
20150331,2,1,20276,15618,25,008,h11,首页,-,1
20150331,1,1,7764,7110,25,075,h11,首页,1,1
20150331,1,1,1,1,0,004,216,寻找爱情的下落,969301058,1
20150331,1,1,24767,20386,25,011,h11,首页,1,1
20150331,1,1,572,475,25,078,h11,汪星人,2,1
20150331,1,1,1,1,0,010,216,创：战纪,854031426,1
20150331,2,1,145887,29205,0,055,e311,已暂停,-,1
20150331,17,1,60015,49590,25,004,h11,精选,1,1
20150331,1,1,6867,6279,25,007,h11,排行,5,1
20150331,1,1,11001,8588,0,003,h11,片花,7,1
20150331,1,1,1,1,0,004,216,小黄人,990332618,1
20150331,5,1,8382,7052,0,032,c654,1010,1,1
20150331,2,1,6519,4344,0,074,h11,美剧片库,4,1
20150331,102,1,605661,400164,25,004,h11,精选,2,1
20150331,1,1,29,27,0,003,216,九星天辰诀,2,1
20150331,2,1,15793,11830,0,003,h11,泰剧,10,1
20150331,1,1,14159,12554,0,003,h11,独播,5,1
20150331,1,1,4,4,0,004,213,片花,4,1
20150331,1,1,1,1,0,004,216,海绵宝宝大电影,990332618,1
20150331,52,1,11905144,285395,0,032,c66,进度,1,1
20150331,1,1,380,330,25,078,h11,喵星人,3,1
20150331,1,1,9374,6932,0,003,h11,自制,6,1
20150331,3,1,10726,10106,0,031,c683,1007,2,1
20150331,14,1,58108,36181,0,032,c675,2002,2,1
20150331,2,1,18303,14944,25,003,h11,经典剧,11,1
20150331,1,1,24,23,25,074,h11,周六,2,1
20150331,48,1,826083,583145,0,001,a2,搜索,-,1
20150331,1,1,26,26,0,004,213,精选,4,1
20150331,1,1,12663,4953,0,009,h11,专题,9,1
20150331,4,1,37675,22790,0,009,h11,少儿,2,1
20150331,57,1,53534,41786,25,004,h11,会员,3,1
20150331,5,1,54063,41774,25,100,h11,首页,-,1
20150331,1,1,4063,3682,0,003,212,少年四大名捕,6,1
20150331,1,1,1,1,0,004,216,博物馆奇妙夜3,965572298,1
20150331,44,1,455267,280216,0,032,c67,1017,3,1
20150331,19,1,656696,170651,19,009,-,动漫,-,1
20150331,1,1,17321,5955,19,014,-,nba,-,1
20150331,1,1,4244,3643,25,001,-,娱乐,-,1
20150331,1,1,6139,4311,0,007,h11,情感,7,1
20150331,1,1,2861,2249,0,031,c63,登录,-,1
20150331,1,1,3307,2847,0,001,11,正直播-国足vs突尼斯,2,1
20150331,1,1,18,16,0,001,1c,无贱道,1,1
20150331,1,1,912,720,0,027,c21,安徽卫视,1,1
20150331,68,1,1526791,512155,0,031,c67,1004,1,1
20150331,2,1,13621,9820,19,075,-,英超,-,1
20150331,11,1,50193,38856,0,004,h11,欧美,7,1
20150331,42,1,4479,3973,0,031,c62,0022,-,1
20150331,111,1,3261268,625034,0,031,c67,1001,4,1
20150331,95,1,1685058,764716,0,032,c65,0005,1,1
20150331,20,1,77623,58119,0,032,c675,2005,5,1
20150331,6,1,518818,196809,0,033,d33,我的缓存,3,1
20150331,2,1,13638,7433,0,069,e41,流畅,2,1
20150331,13,1,68387,40897,0,001,21,更多,0,1
20150331,1,1,14199,12552,0,002,c11,娱乐,8,1
20150331,1,1,1,1,0,004,216,咱们结婚吧,990332618,1
20150331,1,1,7466,5955,0,030,21,专题,-,1
20150331,160,1,5100450,1350444,0,032,c67,1000,2,1
20150331,28,1,459720,259320,0,033,d33,播放记录,1,1
20150331,32,1,53235,40645,0,033,d34,开通会员,3,1
20150331,2,1,2710,2307,25,078,h11,首页,1,1
20150331,32,1,240461,194036,0,001,a2,搜索,3,1
20150331,12,1,326665,213902,25,003,h11,首页,-,1
20150331,4,1,24521,20596,0,004,h11,专题,4,1
20150331,2,1,23401,11143,0,031,h22,禁用缓存,2,1
20150331,73,1,1028122,369809,0,032,c65,0002,6,1
20150331,60,1,5440402,330171,0,032,c67,进度条,4,1
20150331,4,1,1665,1481,0,033,d34,二维码,7,1
20150331,3,1,8256,7204,25,007,h11,精选,1,1
20150331,1,1,3497,3171,0,001,12,电视剧,2,1
20150331,1,1,45493,23761,0,003,h11,分类筛选,0,1
20150331,4,1,793,731,0,031,c62,0022,1,1
20150331,9,1,24339,12165,0,032,c65,卡顿投诉,2,1
20150331,1,1,2180,2152,25,001,12,今日热点,-,1
20150331,11,1,123256,96830,25,007,h11,精选,2,1
20150331,1,1,7800,5717,0,001,12,电视剧,3,1
20150331,2,1,2154,1663,0,006,h11,西甲,6,1
20150331,4,1,31693,18153,0,009,h11,首页,1,1
20150331,11,1,1670,1459,0,031,c62,0022,2,1
20150331,5,1,15389,14245,0,003,212,美版《甄嬛传》片段,1,1
20150331,13,1,119204,89284,0,031,h22,0007,3,1
20150331,18,1,406643,143167,0,032,c66,1013,5,1
20150331,7,1,16328,11429,0,032,c675,高清,4,1
20150331,46,1,745699,460448,25,003,h11,首页,1,1
20150331,4,1,29981,26609,0,002,c11,美剧,2,1
20150331,1,1,225,212,0,004,216,奔跑吧！兄弟,11,1
20150331,1,1,8452,6766,0,008,h11,明星八卦,3,1
20150331,1,1,22409,18812,25,001,12,娱乐,-,1
20150331,3,1,14904,12923,25,003,h11,排行,12,1
20150331,1,1,3066,2919,25,003,h11,首页,2,1
20150331,1,1,1319,1013,25,006,h11,国足,7,1
20150331,1,1,4231,3695,25,007,h11,自制,4,1
20150331,2,1,5794,5267,0,001,11,张震讲故事,5,1
20150331,1,1,64,45,0,001,1c,钢铁侠 高清完整版,1,1
20150331,1,1,1,1,0,004,216,海绵宝宝大电影,985520070,1
20150331,24,1,45854,33618,0,033,d32,设置,-,1
20150331,1,1,43270,18511,19,013,-,亲子,-,1
20150331,3,1,44194,34441,25,004,h11,港台,9,1
20150331,1,0,96,73,0,001,1c,美版甄嬛传04,1,1
20150331,1,0,519,488,0,001,210,旅游,10,1
20150331,1,0,5,5,0,004,216,无贱道,9,1
20150331,10,0,1093,948,0,010,h11,专题,2,1
20150331,3,0,45145,37468,0,023,c21,体育,3,1
20150331,15,0,37755,29458,25,003,h11,韩剧,7,1
20150331,1,0,1,1,0,004,216,狙击精英：重装上阵,948476994,1
20150331,17,0,712,567,0,010,h11,专题,3,1
20150331,4,0,13802,11203,0,023,c21,体育,4,1
20150331,6,0,3751,3398,0,029,a2,搜索,-,1
20150331,226,0,2542521,662222,0,031,c66,1003,3,1
20150331,19,0,102453,62443,0,031,c68,1014,1,1
20150331,47,0,6472,4773,0,033,d31,登录,1,1
20150331,9,0,1604,1464,0,039,a2,我的,2,1
20150331,9,0,319488,96161,0,055,e31,全部开始,2,1
20150331,8,0,67449,48213,0,002,c11,动漫,5,1
20150331,1,0,4838,3444,0,003,216,2014,-,1
20150331,1,0,3,3,0,004,216,新天龙八部 1982版,122,1
20150331,1,0,4,4,0,004,216,美女敢死队,19,1
20150331,1,0,1,1,0,004,216,马尔梅第战役,948476994,1
20150331,25,0,26964,15168,0,032,c65,投屏,4,1
20150331,21,0,17868,13901,0,033,a2,logo,-,1
20150331,1,0,682,581,25,006,h11,赛车,11,1
20150331,1,0,14,8,0,001,1c,穿普拉达的女王,1,1
20150331,55,0,370771,159809,0,001,h81,缓存中心,2,1
20150331,2,0,3214,2943,0,002,c11,汽车,19,1
20150331,5,0,5148,4843,0,002,c11,英超,3,1
20150331,1,0,1,1,0,004,216,匆匆那年,864689218,1
20150331,1,0,1,1,0,004,216,恋恋三季,64,1
20150331,1,0,2,1,0,004,216,澳门风云2,964955202,1
20150331,1,0,1,1,0,004,216,谍影重重4,944049218,1
20150331,1,0,1,1,0,010,216,宇宙追缉令,900373570,1
20150331,1,0,1,1,0,010,216,富贵电影,10,1
20150331,1,0,27,21,0,010,216,韩国,-,1
20150331,1,0,1216,1025,0,011,h11,音乐节,5,1
20150331,53,0,176479,116374,0,031,h21,0003,2,1
20150331,161,0,3548377,655766,0,031,h21,剧集,2,1
20150331,27,0,225472,88918,0,031,h21,评论,3,1
20150331,381,0,4473046,1211110,0,032,c66,1002,2,1
20150331,59,0,12341,10703,0,033,d31,未登录,1,1
20150331,97,0,35126,13941,19,010,-,会员,-,1
20150331,22,0,181706,79440,19,032,c68,大tip,3,1
20150331,1,0,9134,7137,25,001,-,电视剧,-,1
20150331,2,0,2134,1922,25,008,h11,综艺看点,7,1
20150331,1,0,1335,1085,25,013,h11,生活秀,5,1
20150331,51,0,3776,3120,0,001,210,会员,1,1
20150331,1,0,1,1,0,003,216,爱的多米诺,958506466,1
20150331,1,0,1,1,0,004,216,傲慢与偏见,1013290950,1
20150331,1,0,1361,1158,0,004,216,最热,-,1
20150331,1,0,1,1,0,004,216,机器纪元,944049218,1
20150331,1,0,19,18,0,004,216,超能陆战队,61,1
20150331,2,0,10325,8549,0,007,h11,专题,3,1
20150331,6,0,21027,16057,0,028,c21,卫视台,3,1
20150331,168,0,942639,455100,0,031,h21,0003,3,1
20150331,154,0,1299439,361848,0,031,h21,相关,4,1
20150331,5,0,19155,13883,25,006,h11,首页,-,1
20150331,1,0,838,734,25,011,h11,韩国,11,1
20150331,1,0,2497,1949,25,013,h11,亲子教育,4,1
20150331,2,0,2182,1766,0,003,216,好评,-,1
20150331,1,0,1,1,0,004,216,邻家特工,958506466,1
20150331,80,0,6277,5493,0,034,c72,微信登录,3,1
20150331,95,0,1726336,536283,19,003,-,电视剧,-,1
20150331,2,0,2913,2542,25,076,h11,排行榜,3,1
20150331,1,0,1,1,0,010,216,微爱之渐入佳境,35,1
20150331,1,0,4,4,0,010,216,无贱道,7,1
20150331,1,0,358,330,0,011,h11,独家,6,1
20150331,16,0,130729,66029,0,031,h22,缓存,2,1
20150331,2,0,5339,4729,0,032,c687,暂停缓存,1,1
20150331,239,0,59973,42589,0,035,b3,移动版会员套餐,1,1
20150331,34,0,86788,51469,19,074,-,美剧,-,1
20150331,3,0,15629,13225,25,003,h11,片花,6,1
20150331,1,0,3,3,0,001,1c,年青时代,2,1
20150331,473,0,2651899,1458953,0,001,21,频道,-,1
20150331,2,0,2805,2604,0,002,c11,风尚,17,1
20150331,1,0,1,1,0,004,216,道士下山,944049218,1
20150331,1,0,1,1,0,004,216,飓风营救3,944049218,1
20150331,17,0,27889,22451,0,004,h11,排行,10,1
20150331,31,0,109917,51683,0,031,c67,暂停,1,1
20150331,1,0,34367,20571,0,054,e321,缓存更多剧集,-,1
20150331,9,0,35233,29616,25,003,h11,独播,4,1
20150331,3,0,3425,2981,25,074,h11,周四,5,1
20150331,22,0,145318,107756,0,003,h11,内地,4,1
20150331,1,0,30,27,0,004,216,有种你爱我,13,1
20150331,1,0,22,20,0,004,216,猩球崛起：黎明之战,228,1
20150331,1,0,8,7,0,004,216,重返地球,155,1
20150331,1,0,1,1,0,004,216,预见未来,964955202,1
20150331,1,0,1,1,0,010,216,解构生活,6,1
20150331,83,0,85402,67344,0,032,c650,1009,1,1
20150331,3,0,43635,10628,0,055,e311,等待缓存,-,1
20150331,1,0,480,458,25,003,h11,泰剧,10,1
20150331,5,0,23014,17624,25,006,h11,首页,1,1
20150331,1,0,3429,3136,0,001,121,今日热点,2,1
20150331,1,0,6,6,0,001,1c,抢劫坚果店 国语版,1,1
20150331,580,0,3636838,1533037,0,001,21,我的,-,1
20150331,1,0,10207,8411,0,003,212,天使的城,4,1
20150331,1,0,116,104,0,003,216,自制,-,1
20150331,1,0,1,1,0,004,216,生化危机2:启示录,849767490,1
20150331,1,0,1,1,0,004,216,缺席的人,66,1
20150331,56,0,61481,43917,0,004,h11,首页,2,1
20150331,2,0,8402,7821,0,007,212,奔跑吧兄弟独家策划,1,1
20150331,40,0,42320,35282,0,032,c650,1009,2,1
20150331,12,0,808,725,0,036,c81,返回,1,1
20150331,7,0,42487,28037,0,038,a2,看过,4,1
20150331,2,0,788,689,0,001,121,今日热点,3,1
20150331,1,0,1,1,0,003,216,朱丽叶的男朋友,998287614,1
20150331,4,0,45319,20664,0,003,h11,筛选,0,1
20150331,1,0,2,1,0,004,216,变形金刚4,849767490,1
20150331,1,0,1,1,0,004,216,复仇者联盟2：奥创纪元,958506466,1
20150331,2,0,17158,9659,0,009,h11,美国,4,1
20150331,36,0,818474,278080,0,031,h211,剧集,2,1
20150331,11,0,29044,26326,0,051,h71,全部删除,2,1
20150331,1,0,48131,31057,25,009,h11,少儿,2,1
20150331,1,0,2072,1825,25,072,h11,网络游戏,6,1
20150331,1,0,3928,3545,0,001,121,今日热点,4,1
20150331,1,0,4,4,0,001,1c,一夜寻情记第一季01,1,1
20150331,1,0,1,1,0,001,1c,别了，温哥华18,1,1
20150331,1,0,349,327,0,004,216,人间中毒,1,1
20150331,16,0,19708,14501,0,004,h11,微电影,11,1
20150331,2,0,5643,4420,0,009,h11,美国,5,1
20150331,1,0,1,1,0,010,216,神偷奶爸2 粤语版,894925890,1
20150331,1,0,804,652,0,018,h11,斗秀场,3,1
20150331,1,0,4907,4466,0,001,11,热身赛-国足1-1突尼斯,2,1
20150331,1,0,105,87,0,001,1c,来自星星的你11,1,1
20150331,1,0,309,287,0,001,1c,甄嬛传68,1,1
20150331,3,0,6459,5754,0,002,a2,播放记录,-,1
20150331,2,0,12445,9417,0,002,c11,体育,7,1
20150331,1,0,1,1,0,003,216,荆棘鸟,998287614,1
20150331,1,0,1,1,0,004,216,全城戒备,849767490,1
20150331,1,0,508,476,0,004,216,天将雄师,5,1
20150331,1,0,1,1,0,004,216,楼,925318210,1
20150331,2,0,2588,2153,0,004,216,科幻,-,1
20150331,2,0,79,73,0,010,216,最热,-,1
20150331,2,0,55229,17856,0,055,e311,正在缓存,-,1
20150331,1,0,835,739,25,008,h11,专题,8,1
20150331,1,0,1991,1792,0,001,121,今日热点,6,1
20150331,1,0,970,826,0,003,216,美国,-,1
20150331,1,0,1,1,0,004,216,夜关门：欲望之花,857559022,1
20150331,1,0,11,11,0,004,216,隔壁的男孩,10,1
20150331,1,0,1,1,0,010,216,私恋失调,62,1
20150331,3,0,62282,44098,25,001,12,电视剧,-,1
20150331,1,0,1299,1172,0,002,c11,科技,23,1
20150331,1,0,489,412,0,004,213,热映大片,1,1
20150331,1,0,1,1,0,004,216,a面b面,974081090,1
20150331,48,0,54228,41429,0,004,h11,精选,1,1
20150331,646,0,7486469,2143645,0,031,c67,1016,3,1
20150331,46,0,57591,46510,25,004,h11,欧美,7,1
20150331,1,0,71,66,0,001,1c,a小姐,1,1
20150331,1,0,1,1,0,001,1c,一夜寻情记第一季07,1,1
20150331,3,0,9737,7675,0,003,h11,新加坡剧,11,1
20150331,1,0,1,1,0,004,216,凌晨3点,925318210,1
20150331,1,0,1,1,0,004,216,超人：钢铁之躯,958506466,1
20150331,20,0,33673,26302,0,004,h11,日韩,8,1
20150331,1,0,12289,9273,0,009,212,-,1,1
20150331,1,0,1,1,0,010,216,透明人2,894925890,1
20150331,151,0,3669,3309,0,031,c69,0023,-,1
20150331,59,0,181519,144271,0,031,h22,0010,5,1
20150331,6,0,5974,4248,0,074,h11,首页,1,1
20150331,2,0,1443,1303,25,004,h11,欧美,8,1
20150331,8,0,87428,54911,25,009,h11,首页,-,1
20150331,11,0,23791,20792,25,076,h11,首页,1,1
20150331,1,0,40,40,0,001,1c,白发魔女传之明月天国,2,1
20150331,1,0,1,1,0,004,216,谍影重重4,958506466,1
20150331,12,0,17070,13618,0,004,h11,片花,5,1
20150331,1,0,1,1,0,010,216,u形转弯,105,1
20150331,1,0,1,1,0,010,216,抢劫坚果店  国语版,894925890,1
20150331,26,0,1519,1084,0,010,h11,首页,1,1
20150331,6,0,13447,10091,0,032,c675,极速,6,1
20150331,3,0,4432,3384,0,032,c675,流畅,4,1
20150331,8,0,104,94,0,036,c82,微信登录,3,1
20150331,1,0,1,1,0,003,216,糟糠之妻俱乐部 国语,909918190,1
20150331,1,0,1,1,0,004,216,壮志凌云,958506466,1
20150331,2,0,5262,4034,0,004,216,爱情,-,1
20150331,1,0,12275,5726,0,009,h11,分类筛选,0,1
20150331,9,0,2937,2584,0,032,c654,1011,3,1
20150331,28,0,41830,32052,0,032,c675,流畅,5,1
20150331,1,0,840,771,0,081,a2,logo,-,1
20150331,106,0,546243,290965,19,041,1a,搜索,3,1
20150331,27,0,6691,5462,0,002,c11,会员,10,1
20150331,5,0,4482,4173,0,002,c11,自制,11,1
20150331,1,0,1,1,0,004,216,大鱼,20,1
20150331,1,0,1,1,0,004,216,敢死队3,909765698,1
20150331,1,0,2,2,0,004,216,风流寡妇 1952年版,273,1
20150331,136,0,46308,34379,0,004,h11,会员,3,1
20150331,1,0,26848,16568,0,009,h11,日本,3,1
20150331,74,0,68720,55933,0,032,c675,2003,3,1
20150331,9,0,1154,1021,0,033,d34,反馈,8,1
20150331,1,0,1,1,0,003,216,big heat,998287614,1
20150331,1,0,1,1,0,004,216,天才的西班牙人,909765698,1
20150331,1,0,1,1,0,004,216,生死狙击,964955202,1
20150331,1,0,1,1,0,004,216,神偷奶爸2 粤语版,958506466,1
20150331,4,0,24033,18227,0,009,h11,日本,4,1
20150331,7,0,8930,5414,0,031,c687,继续缓存,2,1
20150331,1,0,11,10,0,032,c63,0020,2,1
20150331,39,0,93054,59473,0,032,c65,0014,9,1
20150331,19,0,6731,5211,0,033,d34,设置,6,1
20150331,4,0,4251,3258,0,074,h11,本日热荐,3,1
20150331,5,0,20233,15838,25,003,h11,台剧,8,1
20150331,34,0,247824,144690,25,009,h11,首页,1,1
20150331,1,0,14,13,0,001,1c,忍者神龟：变种时代,1,1
20150331,13,0,59139,49200,0,002,c11,综艺,4,1
20150331,1,0,1,1,0,004,216,美国队长2：冬日战士,948476994,1
20150331,1,0,1,1,0,004,216,美梦成真,837004354,1
20150331,1,0,153,143,0,004,216,莫比乌斯,20,1
20150331,1,0,15427,11299,0,007,h11,首页,2,1
20150331,65,0,4962,4239,0,031,c62,0020,-,1
20150331,11,0,34971,32442,0,032,c683,1007,2,1
20150331,8,0,7189,4205,19,020,-,杜比频道,-,1
20150331,1,0,471,440,25,003,h11,台剧,9,1
20150331,9,0,21917,19733,0,002,a2,搜索,-,1
20150331,1,0,1,1,0,004,216,复仇者联盟,958506466,1
20150331,1,0,1,1,0,004,216,夜晚的游戏,5,1
20150331,1,0,11,11,0,004,216,爸爸的假期,3,1
20150331,1,0,142,131,0,004,216,莫比乌斯,4,1
20150331,1,0,1,1,0,004,216,莫比乌斯,948476994,1
20150331,1,0,1640,1431,0,030,a2,搜索,-,1
20150331,86,0,3505,2840,0,033,d31,开通会员,3,1
20150331,3,0,14386,12005,25,003,h11,专题,5,1
20150331,2,0,6983,5938,25,008,h11,明星八卦,3,1
20150331,6,0,41642,29837,0,001,21,娱乐,7,1
20150331,1,0,1318,959,0,003,216,犯罪,-,1
20150331,2,0,73,67,0,004,216,忍者神龟：变种时代,1,1
20150331,1,0,54,51,0,006,212,佩兰:球员需加强纪律性,2,1
20150331,1,0,29,27,0,010,213,热映大片,1,1
20150331,2,0,986,812,0,032,c675,2006,5,1
20150331,6,0,57199,23551,19,006,-,体育,-,1
20150331,1,0,2635,2369,25,008,h11,电影资讯,4,1
20150331,1,0,1491,1282,25,076,h11,片花,4,1
20150331,23,0,879150,344293,0,001,a2,缓存,-,1
20150331,1,0,1,1,0,004,216,无尽的爱,837004354,1
20150331,1,0,1,1,0,004,216,火线反攻,958506466,1
20150331,1,0,1,1,0,004,216,百慕大三角历险记,849767490,1
20150331,2,0,1467,1375,0,004,h12,搜索框,1,1
20150331,1,0,79,75,0,008,212,黄晓明夜店玩嗨被美女簇拥,2,1
20150331,3,0,8867,6416,0,023,21,直播,-,1
20150331,3,0,5835,5351,0,024,c21,音乐,6,1
20150331,151,0,1136600,485413,0,031,c67,全屏,3,1
20150331,27,0,40158,29279,0,032,c675,2006,6,1
20150331,5,0,11312,9781,0,033,a2,播放记录,-,1
20150331,1,0,2322,1825,25,015,h11,首页,-,1
20150331,1,0,566,500,0,004,216,台湾,-,1
20150331,1,0,2,1,0,004,216,大路之歌,857559022,1
20150331,1,0,1,1,0,004,216,碟中谍4：幽灵协议 英语版,948476994,1
20150331,1,0,5,5,0,004,216,还珠格格2015之朋友圈,17,1
20150331,1,0,4,3,0,010,213,即将上线,4,1
20150331,1,0,374,328,0,019,h11,城市海岛,3,1
20150331,381,0,3215098,1183543,0,031,h22,0005,1,1
20150331,1,0,6534,3550,0,032,c65,相关,6,1
20150331,321,0,3123625,939365,0,032,c67,1004,1,1
20150331,7,0,7515,5892,0,074,h11,美剧精选,2,1
20150331,87,0,31066,27081,0,001,a2,我的,2,1
20150331,1,0,1,1,0,003,216,铁在烧,824586222,1
20150331,15,0,42631,34293,0,003,h11,美剧,3,1
20150331,1,0,1,1,0,004,216,大学新生,998287614,1
20150331,1,0,2,1,0,004,216,钢铁侠2,958506466,1
20150331,3,0,11871,9457,0,007,h11,精选,1,1
20150331,2,0,27,24,0,010,216,爱情,-,1
20150331,126,0,5629,5002,0,032,c62,0022,-,1
20150331,27,0,244198,89215,0,032,c65,剧集,6,1
20150331,528,0,24633991,1674022,0,032,c67,1001,4,1
20150331,58,0,8892,6555,0,033,d34,会员续费,3,1
20150331,2,0,1435,1157,25,018,h11,驭乐汇,2,1
20150331,2,0,10645,7658,0,001,210,直播,13,1
20150331,1,0,1,1,0,003,216,半生缘,982574794,1
20150331,1,0,48,46,0,004,216,微爱之渐入佳境,14,1
20150331,1,0,2,2,0,004,216,暴走神探,15,1
20150331,1,0,1,1,0,004,216,波斯王子：时之刃,958506466,1
20150331,1,0,1,1,0,004,216,重返20岁,971463746,1
20150331,79,0,190275,123359,0,032,c65,0006,5,1
20150331,9,0,26671,20325,0,038,a2,搜索,3,1
20150331,2,0,1876,1674,0,043,e54,2,2,1
20150331,1,0,2555,2231,25,079,h11,首页,1,1
20150331,1,0,1,1,0,003,216,太阳花,824586222,1
20150331,17,0,19930,18015,0,004,212,-,1,1
20150331,1,0,1,1,0,004,216,富贵电影,4,1
20150331,1,0,1,1,0,004,216,无敌破坏王,998287614,1
20150331,1,0,474,405,0,004,216,澳门风云2,6,1
20150331,5,0,14743,11563,0,004,216,电影,-,1
20150331,1,0,31,30,0,004,216,裸夜淫魔,220,1
20150331,1,0,1,1,0,004,216,银河护卫队 国语版,958506466,1
20150331,1,0,842,541,0,013,h11,首页,1,1
20150331,1,0,2875,2545,0,022,a2,播放记录,-,1
20150331,40,0,176700,87015,0,031,c67,播放,2,1
20150331,2,0,4664,3146,0,069,e41,高清,3,1
20150331,103,0,345885,215850,25,004,h11,首页,-,1
20150331,1,0,3954,3229,25,015,h11,首页,1,1
20150331,4,0,8140,7424,0,004,212,-,2,1
20150331,1,0,7,7,0,004,216,冰雪奇缘,65,1
20150331,1,0,1,1,0,004,216,鬼吹灯·寻龙诀,971463746,1
20150331,177,0,3073309,408061,0,031,c66,1001,1,1
20150331,2,0,2316,2079,25,008,h11,精选,1,1
20150331,5,0,115,99,0,001,1c,美版甄嬛传02,1,1
20150331,48,0,74051,56611,0,001,21,美剧,2,1
20150331,1,0,1,1,0,003,216,哑巴新娘,837004354,1
20150331,5,0,3778,3443,0,004,212,-,3,1
20150331,1,0,1,1,0,004,216,熊出没之雪岭熊风,44,1
20150331,23,0,51872,22651,0,004,h11,分类筛选,0,1
20150331,1,0,2300,1716,0,006,h11,国足,7,1
20150331,3,0,6047,5076,0,007,h11,自制,4,1
20150331,11,0,382,366,0,032,c62,0022,1,1
20150331,12,0,35992,30949,25,008,h11,精选,2,1
20150331,4,0,2466,2288,0,004,212,-,4,1
20150331,1,0,2,2,0,004,216,粉色,6,1
20150331,1,0,14,14,0,004,216,美国骗局,18,1
20150331,34,0,2318,2074,0,032,c62,0022,2,1
20150331,2,0,19330,13603,0,041,d11,搜索返回,1,1
20150331,28,0,283534,113247,19,007,-,综艺,-,1
20150331,19,0,159749,118451,25,003,h11,内地,3,1
20150331,19,0,25932,23033,25,004,h11,排行,10,1
20150331,2,0,77,61,0,001,1c,美版甄嬛传05,1,1
20150331,182,0,596650,421961,0,001,21,直播,-,1
20150331,1,0,2441,1761,0,002,c11,电影,2,1
20150331,1,0,1212,1073,0,004,212,-,5,1
20150331,1,0,2,2,0,004,216,u盘,30,1
20150331,1,0,1,1,0,004,216,危险性游戏,837004354,1
20150331,1,0,16,14,0,004,216,奔跑吧！兄弟,6,1
20150331,4,0,4849,4011,0,004,216,最新,-,1
20150331,1,0,14993,8622,0,009,h11,内地,5,1
20150331,1,0,106,100,0,010,h12,搜索框,1,1
20150331,230,0,1423117,608068,0,031,h21,0001,1,1
20150331,4,0,22267,18248,0,031,h214,1000,1,1
20150331,4,0,23813,11190,0,055,e312,全部暂停,2,1
20150331,1,0,351,328,0,100,h11,剧星,5,1
20150331,1,0,8138,3933,19,015,-,财经,-,1
20150331,1,0,1266,1224,25,004,h11,首页,1,1
20150331,7,0,838,697,0,001,1c,有种你爱我,1,1
20150331,3,0,1621,1493,0,004,212,-,6,1
20150331,1,0,1713,1406,0,004,216,动画,-,1
20150331,1,0,2,1,0,004,216,名利场,364,1
20150331,1,0,1,1,0,004,216,熊出没之雪岭熊风,971463746,1
20150331,2,0,5555,4495,0,009,h11,内地,6,1
20150331,1,0,19538,7856,0,009,h11,筛选,0,1
20150331,1,0,1,1,0,010,216,神偷奶爸  国语版,894925890,1
20150331,5,0,22986,15034,0,027,c21,轮播台,2,1
20150331,31,0,49363,40247,0,033,a2,搜索,-,1
20150331,272,0,1719746,459947,19,004,-,电影,-,1
20150331,4,0,12514,5680,19,018,-,汽车,-,1
20150331,267,0,636066,401492,25,004,h11,首页,2,1
20150331,1,0,25759,10324,0,001,a2,下载,-,1
20150331,2,0,8581,6563,0,003,216,2015,-,1
20150331,1,0,1,1,0,003,216,垂涎之岛,909918190,1
20150331,1,0,1,1,0,004,216,hello，锦衣卫,998287614,1
20150331,1,0,1,1,0,004,216,外星人 e.t,141,1
20150331,1,0,2,2,0,004,216,木乃伊3,179,1
20150331,1,0,1,1,0,004,216,私奔公路,28,1
20150331,8,0,46187,25602,0,031,c68,1015,2,1
20150331,41,0,9035,7730,0,033,d33,开通会员,4,1
20150331,41,0,1330509,140412,19,031,c68,1008,3,1
20150331,6,0,1241,1158,25,004,h11,首页,3,1
20150331,1,0,1041,909,0,001,11,19:25直播中国vs突尼斯,2,1
20150331,1,0,15,13,0,001,1c,沉睡魔咒,1,1
20150331,1,0,1567,1400,0,004,212,-,8,1
20150331,1,0,722,529,0,004,216,2011,-,1
20150331,1,0,51,48,0,004,216,有种你爱我,1,1
20150331,1,0,1,1,0,004,216,超能陆战队,958506466,1
20150331,1,0,1,1,0,004,216,闻香识女人,96,1
20150331,1,0,1,1,0,004,216,麻辣女教师,998287614,1
20150331,3,0,35354,13533,0,029,c331,视频暂停,-,1
20150331,42,0,439563,133254,0,032,c66,双击,5,1
20150331,6,0,1009,875,0,033,d34,鼓励一下,10,1
20150331,3,0,56,50,0,043,e56,拨打客服电话,1,1
20150331,1,0,7984,7255,0,055,e31,全部删除,3,1
20150331,2,0,1102,975,0,074,212,-,1,1
20150331,10,0,21992,19087,25,004,h11,微电影,11,1
20150331,1,0,1001,846,25,018,h11,斗秀场,3,1
20150331,2,0,3465,2822,25,018,h11,首页,-,1
20150331,6,0,59065,51615,0,001,11,少年四大名捕,1,1
20150331,1,0,228,209,0,001,1c,甄嬛传01,1,1
20150331,83,0,231075,168836,0,002,c11,电影,6,1
20150331,1,0,1,1,0,004,216,迷城,857559022,1
20150331,1,0,11618,6709,0,009,h11,连载,6,1
20150331,7,0,641,555,0,010,212,-,1,1
20150331,3,0,106,86,0,010,216,电影,-,1
20150331,1,0,885,774,0,011,h11,专题,3,1
20150331,1,0,643,483,0,018,h11,老安话车事,4,1
20150331,287,0,1808957,874382,0,031,h21,0004,3,1
20150331,328,0,6563155,1031857,0,032,c66,1003,3,1
20150331,181,0,920209,411050,0,032,c68,1014,1,1
20150331,49,0,9131,6503,25,010,h11,首页,-,1
20150331,1,0,132,132,0,001,1c,天使的城01,2,1
20150331,14,0,95237,55277,0,001,21,动漫,8,1
20150331,4,0,4302,3128,0,004,216,2014,-,1
20150331,1,0,15,14,0,004,216,驯龙高手2,12,1
20150331,1,0,3307,2709,0,009,h11,连载,7,1
20150331,1,0,2200,1788,0,011,h11,演唱会,4,1
20150331,2,0,9192,7824,0,022,a2,搜索,-,1
20150331,507,0,844557,457868,0,031,h21,0004,4,1
20150331,2,0,56018,25904,19,011,-,音乐,-,1
20150331,2,0,3896,3409,25,076,h11,热播,2,1
20150331,1,0,426,416,0,001,11,19:25直播中国vs突尼斯,5,1
20150331,1,0,285,265,0,001,1c,甄嬛传60,1,1
20150331,41,0,236885,173719,0,002,c11,电视剧,1,1
20150331,1,0,1,1,0,004,216,不良因子,909765698,1
20150331,1,0,2,1,0,004,216,熊出没之雪岭熊风,909765698,1
20150331,1,0,1,1,0,004,216,终结者：创世纪,944049218,1
20150331,1,0,1,1,0,004,216,蜘蛛侠3  国语版,817782766,1
20150331,6,0,530,275,0,010,h11,分类筛选,0,1
20150331,4,0,6623,5862,0,022,c21,热门,1,1
20150331,7,0,3393,3045,0,043,e53,高清模式,3,1
20150331,1,0,90,90,25,004,h11,首页,7,1
20150331,1,0,1,1,0,004,216,侠探杰克,983856842,1
20150331,1,0,2463,1971,0,004,216,剧情,-,1
20150331,1,0,1,1,0,004,216,敢死队2,974081090,1
20150331,1,0,1,1,0,004,216,无耻混蛋,253,1
20150331,1,0,390,296,0,016,h11,首页,1,1
20150331,20,0,39592,31870,25,004,h11,日韩,8,1
20150331,1,0,47,46,25,004,h11,首页,8,1
20150331,17,0,79030,58684,25,007,h11,首页,-,1
20150331,4,0,5792,4883,25,018,h11,首页,1,1
20150331,33,0,50659,43375,25,074,h11,首页,1,1
20150331,1,0,1,1,0,003,216,不良笑花,982574794,1
20150331,2,0,4012,3203,0,004,216,好评,-,1
20150331,1,0,1,1,0,004,216,男人不可以穷,998287614,1
20150331,1,0,36,34,0,004,216,裸夜淫魔,288,1
20150331,1,0,1,1,0,004,216,重见天日,948476994,1
20150331,1,0,1430,1282,25,004,h11,日韩,9,1
20150331,11,0,20408,17205,25,004,h11,片花,5,1
20150331,94,0,16519,12116,25,010,h11,首页,1,1
20150331,1,0,9,7,0,001,1c,隔壁的男孩,1,1
20150331,144,0,482698,361743,0,001,21,热点,-,1
20150331,1,0,1,1,0,003,216,我的二哥二嫂,903408706,1
20150331,1,0,1,1,0,004,216,开心鬼救开心鬼 国语,909765698,1
20150331,1,0,1,1,0,004,216,爱疯了,837004354,1
20150331,1,0,12,10,0,004,216,重来,17,1
20150331,1,0,3802,2601,0,007,h11,分类筛选,0,1
20150331,9,0,25572,20911,0,031,h22,分享,3,1
20150331,10,0,6585,3476,0,032,c675,4k,1,1
20150331,2,0,3044,2743,25,004,h11,片花,6,1
20150331,1,0,2558,2240,25,072,h11,,1,1
20150331,2,0,36,28,0,001,1c,十万个冷笑话,1,1
20150331,11,0,35495,24729,0,001,21,体育,5,1
20150331,89,0,156669,111200,0,001,21,发现,-,1
20150331,24,0,36226,24888,0,001,h81,排行榜,1,1
20150331,2,0,40075,21073,0,002,21,频道,-,1
20150331,1,0,1,1,0,004,216,变种异煞,958069826,1
20150331,1,0,184,173,0,004,216,寻找爱情的下落,23,1
20150331,1,0,3,3,0,004,216,怪谈,66,1
20150331,1,0,1,1,0,004,216,蜂鸟特攻,974081090,1
20150331,1,0,2,1,0,004,216,超能陆战队,925318210,1
20150331,2,0,1775,1262,0,009,212,【会员上线】熊出没之雪岭熊风,5,1
20150331,10,0,8544,5377,0,031,h2132,相关系列,-,1
20150331,85,0,793423,227422,0,032,c67,暂停,1,1
20150331,1,0,1,1,0,004,216,侏罗纪公园2：失落的世界,958506466,1
20150331,1,0,1,1,0,004,216,憨豆的黄金周,971463746,1
20150331,1,0,2,2,0,004,216,贵族大盗,89,1
20150331,1,0,1,1,0,010,216,神偷奶爸2 国语版,894925890,1
20150331,40,0,1245026,94330,0,031,c66,进度,1,1
20150331,12,0,38744,32093,0,031,h223,0011,0,1
20150331,7,0,58609,43788,25,009,h11,日本,4,1
20150331,1,0,3894,3353,0,002,c11,游戏,21,1
20150331,1,0,12,12,0,003,216,芈月传,12,1
20150331,19,0,1246,979,0,033,d34,注册,2,1
20150331,2,0,3453,2617,0,039,a2,看过,4,1
20150331,2,0,4728,2564,19,079,-,科技,-,1
20150331,27,0,127741,96845,25,007,h11,首页,2,1
20150331,1,0,30,25,0,001,1c,复仇者联盟,1,1
20150331,1,0,1242,1056,0,003,216,全部正片,-,1
20150331,8,0,1138,933,0,004,216,会员,-,1
20150331,1,0,1,1,0,004,216,无名勇士,925318210,1
20150331,24,0,58985,46211,0,004,h11,内地,6,1
20150331,24,0,101998,39351,0,004,h11,筛选,0,1
20150331,1,0,785,598,0,009,212,【会员上线】熊出没之雪岭熊风,8,1
20150331,21,0,15837,7763,0,032,c675,1080p,2,1
20150331,1,0,3137,2490,0,003,216,香港,-,1
20150331,2,0,346,326,0,004,213,速度与激情6,36,1
20150331,1,0,1,1,0,004,216,敢死队3,958506466,1
20150331,1,0,17,16,0,004,216,隔壁的男孩,4,1
20150331,2,0,2744,2153,0,009,h11,独家,8,1
20150331,1,0,131,116,0,027,c21,韩剧,11,1
20150331,38,0,1658,1330,0,031,c69,使用观影券,-,1
20150331,48,0,90591,39449,0,032,c65,0018,2,1
20150331,29,0,32415,19924,0,032,c675,2001,1,1
20150331,4,0,125325,52580,0,055,e31,全部暂停,1,1
20150331,95,0,456834,249640,19,042,1a,搜索,-,1
20150331,2,0,16351,14197,25,001,12,亲子,-,1
20150331,4,0,16800,12707,25,003,h11,泰剧,9,1
20150331,9,0,59185,53970,0,001,11,-,2,1
20150331,1,0,1,1,0,004,216,变形金刚2 国语版,958506466,1
20150331,1,0,1,1,0,004,216,变形金刚3,958506466,1
20150331,1,0,233,214,0,004,216,热爱,13,1
20150331,1,0,1,1,0,004,216,美国狙击手,948476994,1
20150331,1,0,23,22,0,010,216,剧情,-,1
20150331,14,0,1707,1463,0,010,h11,排行,3,1
20150331,1,0,4293,1398,0,032,c65,0012,7,1
20150331,10,0,55194,42639,0,033,d33,我的收藏,2,1
20150331,61,0,12059,9047,0,034,c72,腾讯qq登录,1,1
20150331,1,0,3795,2228,19,072,-,cba,-,1
20150331,1,0,6638,5355,25,013,h11,首页,-,1
20150331,3,0,4142,3305,25,072,h11,英雄联盟,4,1
20150331,6,0,28248,25778,0,001,11,-,3,1
20150331,1,0,834,620,0,001,12,动漫,2,1
20150331,2,0,6722,5155,0,004,216,美国,-,1
20150331,1,0,58,50,0,010,216,好评,-,1
20150331,19,0,834,621,0,010,h11,排行,4,1
20150331,75,0,2597,2169,0,031,c62,开通会员,-,1
20150331,27,0,226748,66192,0,031,h2133,猜你喜欢,-,1
20150331,10,0,38729,31166,25,003,h11,美剧,2,1
20150331,10,0,85509,31302,0,001,a2,logo,-,1
20150331,1,0,248,235,0,004,213,生死狙击,48,1
20150331,3,0,3704,2863,0,004,216,伦理,-,1
20150331,1,0,1,1,0,004,216,美梦成真,137,1
20150331,1,0,2,1,0,010,216,魔法奇缘,894925890,1
20150331,1,0,2030,1780,0,100,h11,周五,6,1
20150331,1,0,132,120,0,100,h11,笔记本,4,1
20150331,1,0,4007,3580,0,001,11,-,5,1
20150331,1,0,40,33,0,001,1c,微爱之渐入佳境,1,1
20150331,112,0,350606,275328,0,001,21,专题,-,1
20150331,1,0,1,1,0,004,216,开心超人2之启源星之战,68,1
20150331,1,0,1,1,0,004,216,校园鬼,925318210,1
20150331,1,0,3,3,0,004,216,欢迎来到东莫村,130,1
20150331,1,0,1,1,0,004,216,阿里巴巴：大盗奇兵,118,1
20150331,5,0,9009,7703,0,025,c21,娱乐,5,1
20150331,267,0,2131238,705155,0,031,c67,1000,2,1
20150331,15,0,464736,143946,0,031,h21,期数,2,1
20150331,1,0,703,539,0,031,h241,发生,-,1
20150331,1,0,3460,2998,0,032,c675,2004,3,1
20150331,94,0,1998,1855,0,032,c69,0023,-,1
20150331,4,0,1884,1779,0,033,d31,看片更流畅,2,1
20150331,1,0,906,820,0,043,e53,流畅模式,1,1
20150331,26,0,101661,81624,0,051,h71,编辑,1,1
20150331,1,0,795,711,0,100,h11,排行榜,3,1
20150331,1,0,1,1,0,004,216,一万年以后,944049218,1
20150331,1,0,151,144,0,004,216,冲上云霄,24,1
20150331,1,0,1,1,0,004,216,大话西游之大圣娶亲,944049218,1
20150331,1,0,3,3,0,004,216,抢劫坚果店  国语版,2,1
20150331,1,0,20,19,0,004,216,提线木偶,35,1
20150331,1,0,1,1,0,004,216,隔壁的男孩,895455214,1
20150331,1,0,1,1,0,010,216,速度与激情1,900373570,1
20150331,3,0,28006,11286,0,029,c332,视频播放,-,1
20150331,70,0,66455,52607,0,032,c675,2004,4,1
20150331,5,0,18689,10125,0,069,e41,超清,4,1
20150331,3,0,4213,3654,0,100,h11,周一,2,1
20150331,4,0,18879,14142,25,013,h11,首页,1,1
20150331,7,0,18917,17782,0,001,11,-,7,1
20150331,1,0,1,1,0,003,216,热血,824586222,1
20150331,7,0,20600,15818,0,003,h11,台剧,9,1
20150331,1,0,1,1,0,004,216,狂怒,964955202,1
20150331,1,0,4,1,0,004,216,莫比乌斯,857559022,1
20150331,1,0,1,1,0,004,216,黑金杀机,958069826,1
20150331,4,0,8956,7496,0,007,h11,排行,5,1
20150331,71,0,1590245,161103,0,031,c67,进度条,4,1
20150331,3,0,8848,6073,0,031,h22,取消收藏,4,1
20150331,1,0,6968,6407,0,001,11,-,8,1
20150331,1,0,3819,3076,0,003,216,韩国,-,1
20150331,4,0,11599,8083,0,003,h11,专题,5,1
20150331,1,0,1,1,0,004,216,谁说我们不会爱,998287614,1
20150331,1,0,3,1,0,004,216,霍比特人3：五军之战,958506466,1
20150331,1,0,1,1,0,010,216,星际迷航,894925890,1
20150331,9,0,889,499,0,010,h11,筛选,0,1
20150331,5,0,13451,7266,0,031,c65,卡顿投诉,2,1
20150331,17,0,94433,67074,0,001,21,综艺,6,1
20150331,4,0,4798,4351,0,003,h11,专题,6,1
20150331,1,0,3,3,0,010,216,神偷奶爸2 国语版,8,1
20150331,1,0,1,1,0,010,216,赎罪,888082414,1
20150331,26,0,1548,1117,0,010,h11,热映大片,2,1
20150331,3,0,13147,5885,0,032,c687,继续缓存,2,1
20150331,8,0,1255,1134,0,033,d34,关于,9,1
20150331,1,0,390,384,25,004,h11,专题,3,1
20150331,1,0,6,6,0,004,216,2012,131,1
20150331,1,0,1,1,0,004,216,勇闯神秘岛,849767490,1
20150331,1,0,65,61,0,004,216,博物馆奇妙夜3,46,1
20150331,1,0,1,1,0,004,216,夏日福星 国语版,971463746,1
20150331,2,0,4456,3343,0,008,h11,首页,2,1
20150331,2,0,8046,6082,0,029,21,热点,-,1
20150331,6,0,34221,26693,0,031,h211,周边视频,3,1
20150331,38,0,4359,3829,0,032,c62,0020,-,1
20150331,57,0,279808,130198,0,032,c67,半屏,3,1
20150331,9,0,37950,17452,0,033,21,我的,-,1
20150331,18,0,512,441,0,033,d31,会员续费,3,1
20150331,5,0,2510,2141,0,043,e51,关闭,6,1
20150331,9,0,33830,28130,0,051,h71,完成,1,1
20150331,4,0,6629,2816,19,078,-,宠物,-,1
20150331,27,0,27430,23150,25,004,h11,专题,4,1
20150331,3,0,12908,10742,0,003,h11,经典剧,12,1
20150331,1,0,2,1,0,004,216,午夜凶梦,925318210,1
20150331,3,0,4947,2991,0,007,h11,访谈,8,1
20150331,1,0,60,52,0,010,216,美国,-,1
20150331,20,0,4510,3129,0,032,c65,禁用缓存,5,1
20150331,108,0,558182,335146,0,042,d21,搜索结果返回,1,1
20150331,5,0,1363,1220,0,043,e51,超级电视,4,1
20150331,1,0,157,145,0,100,h11,app,3,1
20150331,1,0,19574,14694,25,009,h11,内地,6,1
20150331,1,0,4897,4372,0,002,c11,音乐,12,1
20150331,9,0,4718,4337,0,003,212,美版《甄嬛传》,1,1
20150331,1,0,1695,1331,0,003,216,谍战,-,1
20150331,1,0,1,1,0,003,216,铁核桃,893190126,1
20150331,1,0,1,1,0,004,216,天地逃生,948476994,1
20150331,1,0,1321,1065,0,004,216,日本,-,1
20150331,1,0,2,1,0,004,216,白发魔女传之明月天国,909765698,1
20150331,2,0,20,18,0,010,216,伦理,-,1
20150331,2,0,1052,859,0,018,h11,驭乐汇,2,1
20150331,115,0,1336122,660008,0,031,h22,0006,2,1
20150331,10,0,476780,53429,0,032,c67,0012,6,1
20150331,1,0,149,138,0,001,1c,超能陆战队,1,1
20150331,1,0,19377,14443,0,002,a2,缓存,-,1
20150331,1,0,1,1,0,004,216,忍者神龟：变种时代,964955202,1
20150331,2,0,146,124,0,036,c82,腾讯qq登录,1,1
20150331,1,0,8341,5887,0,043,e51,允许2g/3g网络缓存,1,1
20150331,2,0,3024,2478,25,016,h11,首页,-,1
20150331,1,0,6,4,0,001,1c,教父1 高清完整版,1,1
20150331,1,0,1,1,0,004,216,代号47,944049218,1
20150331,1,0,1,1,0,004,216,生化危机,6,1
20150331,1,0,1,1,0,004,216,虎胆龙威5,948476994,1
20150331,69,0,148422,77505,0,032,c67,清晰度,5,1
20150331,21,0,12702,10216,0,038,a2,我的,2,1
20150331,5,0,3433,3173,0,043,e54,3,3,1
20150331,2,0,2865,2495,0,100,h11,周三,4,1
20150331,1,0,1,1,0,001,1c,国家宝藏：夺宝秘笈,1,1
20150331,1,0,1,1,0,004,216,奇童小柏图2,925318210,1
20150331,1,0,90,87,0,004,216,重返20岁,15,1
20150331,1,0,1,1,0,004,216,鬼吹灯·寻龙诀,887663682,1
20150331,4,0,7874,6185,0,007,h11,真人秀,6,1
20150331,2,0,4131,2853,0,008,h11,精选,1,1
20150331,201,0,467171,238027,0,032,c67,1005,5,1
20150331,1,0,1679,1519,0,100,h11,首页,1,1
20150331,2,0,19422,16561,25,001,12,音乐,-,1
20150331,4,0,85,70,0,001,1c,美版甄嬛传03,1,1
20150331,1,0,3,3,0,004,216,男人四十,345,1
20150331,1,0,1,1,0,004,216,男奴时代,857559022,1
20150331,80,0,364222,210962,0,031,c66,1002,2,1
20150331,2,0,3616,3157,0,039,a2,搜索,3,1
20150331,2,0,391,343,0,043,e51,意见反馈,3,1
20150331,8,0,71336,40029,19,031,c68,大tip,3,1
20150331,20,0,3119,2554,25,010,h11,专题,2,1
20150331,2,0,3340,2774,0,003,216,最热,-,1
20150331,1,0,3,1,0,004,216,前度 国语版,974081090,1
20150331,1,0,1,1,0,004,216,微爱之渐入佳境,888183874,1
20150331,1,0,1,1,0,004,216,撒娇女人最好命,808549442,1
20150331,1,0,3,1,0,004,216,速度与激情7,944049218,1
20150331,106,0,1135947,308756,0,032,c67,播放,2,1
20150331,2,0,12303,6483,19,016,-,风尚,-,1
20150331,1,0,111,104,25,010,h11,专题,3,1
20150331,2,0,6709,5682,25,016,h11,首页,1,1
20150331,4,0,13382,10454,25,072,h11,首页,1,1
20150331,2,0,84,74,0,001,1c,美版甄嬛传06,1,1
20150331,1,0,1,1,0,004,216,超体,958506466,1
20150331,3,0,14534,10621,0,006,h11,nba,2,1
20150331,1,0,2,2,0,010,216,7号房的礼物,18,1
20150331,1,0,194,163,0,027,c21,陕西卫视,14,1
20150331,570,0,121607091,2036893,0,032,c66,1001,1,1
20150331,91,0,8601,6329,0,035,b3,tv版会员套餐,2,1
20150331,1,0,1,1,0,003,216,大世界,824586222,1
20150331,1,0,335,301,0,004,213,敢死队3,2,1
20150331,1,0,3874,3497,0,031,c687,暂停缓存,1,1
20150331,595,0,9806544,2498866,0,031,h21,0002,2,1
20150331,52,0,5318,4138,0,033,d34,登录,1,1
20150331,1,0,221,216,25,004,h11,微电影,2,1
20150331,4,0,5960,4715,25,014,h11,,1,1
20150331,87,0,208733,141389,0,001,21,电影,4,1
20150331,1,0,6,6,0,004,216,粉色,206,1
20150331,11,0,39992,17840,0,031,h21,0002,3,1
20150331,7,0,25229,18596,0,031,h22,收藏,4,1
20150331,10,0,24597,20273,0,031,h223,取消,0,1
20150331,1,0,4350,2379,0,031,h24,添加评论,-,1
20150331,2,0,327,291,0,043,e51,扫描二维码,5,1
20150331,41,0,118019,83427,19,032,c68,0015,4,1
20150331,3,0,30499,25020,25,001,12,美剧,-,1
20150331,5,0,9050,7792,25,007,h11,专题,3,1
20150331,4,0,3327,2804,25,074,h11,周五,6,1
20150331,1,0,1211,1148,0,001,12,综艺,1,1
20150331,1,0,1,1,0,004,216,我生命中的男人,857559022,1
20150331,1,0,1,1,0,004,216,歌舞青春3,998287614,1
20150331,1,0,21245,17923,25,001,12,动漫,-,1
20150331,1,0,74,61,0,001,1c,速度与激情6,1,1
20150331,622,0,6065973,2596095,0,001,21,首页,-,1
20150331,1,0,2056,1844,0,002,c11,乐看搜索,26,1
20150331,10,0,63048,45125,0,003,h11,首页,2,1
20150331,1,0,1,1,0,004,216,霍比特人：意外之旅,958506466,1
20150331,1,0,1,1,0,010,216,私恋失调,888082414,1
20150331,34,0,1555,1292,0,033,d33,会员续费,4,1
20150331,2,0,1568,1486,0,100,h11,周六,7,1
20150331,1,0,332,306,0,100,h11,片花,4,1
20150331,1,0,351,347,25,004,h11,内地,5,1
20150331,6,0,7023,6095,25,074,h11,周一,2,1
20150331,38,0,359973,213103,0,001,a2,看过,4,1
20150331,1,0,1,1,0,003,216,艾米加油,958506466,1
20150331,3,0,9704,7341,0,003,h11,排行,13,1
20150331,1,0,158,143,0,004,213,会员独享,1,1
20150331,5,0,6249,4647,0,004,216,2015,-,1
20150331,2,0,4942,3871,0,004,216,内地,-,1
20150331,1,0,3,2,0,004,216,过界男女,272,1
20150331,18,0,34486,27170,0,004,h11,港台,9,1
20150331,1,0,3597,2401,0,027,c21,电影,1,1
20150331,2,0,28690,17139,0,032,c65,缓存,5,1
20150331,74,0,194914,120499,0,032,c68,1015,2,1
20150331,242,0,1715904,701193,0,051,h72,-,-,1
20150331,1,0,278,246,0,100,h11,手机,2,1
20150331,105,0,3952853,367501,19,032,c68,1008,3,1
20150331,38,0,103045,80486,25,004,h11,内地,6,1
20150331,1,0,1,1,0,004,216,一触即发 2014版,958506466,1
20150331,1,0,1,1,0,004,216,驯龙高手2,998287614,1
20150331,19,0,7507,6263,0,033,d34,我的追剧,5,1
20150331,9,0,1875,1431,0,034,c72,新浪微博登录,2,1
20150331,1,0,1636,1510,25,004,h11,内地,7,1
20150331,1,0,1158,998,25,019,h11,首页,-,1
20150331,1,0,254,229,0,001,12,今日热点,3,1
20150331,1,0,1910,1180,0,001,21,电视剧,2,1
20150331,54,0,425696,251355,0,001,a2,播放记录,-,1
20150331,1,0,1,1,0,003,216,寒山令,824586222,1
20150331,14,0,45762,35016,0,003,h11,韩剧,8,1
20150331,1,0,216,200,0,004,216,五感图,48,1
20150331,1,0,129,117,0,004,216,我老婆要嫁人,3,1
20150331,1,0,1,1,0,004,216,霍比特人2：史矛革之战,958506466,1
20150331,2,0,4502,3710,0,031,h2131,相关,1,1
20150331,11,0,73442,37395,19,008,-,娱乐,-,1
20150331,11,0,42332,25525,19,076,-,自制,-,1
20150331,37,0,4339,3514,25,010,h11,排行,3,1
20150331,1,0,8033,6604,25,011,h11,首页,-,1
20150331,58,0,325271,215161,0,001,21,电视剧,3,1
20150331,70,0,158906,98980,0,001,21,首页,1,1
20150331,1,0,1,1,0,004,216,office有鬼 粤语,925318210,1
20150331,1,0,1,1,0,004,216,出水芙蓉 1944年版,192,1
20150331,1,0,1,1,0,004,216,夜关门：欲望之花,974081090,1
20150331,1,0,1,1,0,004,216,速度与激情1,958506466,1
20150331,1,0,1,1,0,004,216,飓风营救,948476994,1
20150331,2,0,1228,263,0,043,e51,开启,6,1
20150331,3,0,3930,3312,0,100,h11,周二,3,1
20150331,1,0,424,408,0,001,12,今日热点,5,1
20150331,1,0,5,5,0,001,1c,灵书妙探第一季02,1,1
20150331,2,0,33,28,0,001,1c,透明人魔  高清完整版,1,1
20150331,14,0,37030,27492,0,003,h11,精选,1,1
20150331,1,0,8,6,0,004,216,一步之遥,22,1
20150331,1,0,1,1,0,004,216,功夫熊猫2 国语版,958506466,1
20150331,1,0,1,1,0,004,216,惊魂四分钟,150,1
20150331,1,0,1912,1483,0,009,h11,短片,9,1
20150331,10,0,185861,68962,0,032,c656,剧集,-,1
20150331,17,0,8513,6342,0,033,d34,收藏夹,4,1
20150331,1,0,276,259,0,001,1c,甄嬛传67,1,1
20150331,1,0,1,1,0,004,216,碟中谍5：神秘国度,944049218,1
20150331,1,0,5716,4739,0,022,a2,缓存,-,1
20150331,41,0,31235,24748,0,032,c675,超清,3,1
20150331,1,0,15698,6456,19,012,-,资讯,-,1
20150331,5,0,28437,12611,19,072,-,游戏,-,1
20150331,5,0,20276,15618,25,008,h11,首页,-,1
20150331,5,0,7764,7110,25,075,h11,首页,1,1
20150331,1,0,1,1,0,004,216,启示录：庞贝,948476994,1
20150331,1,0,1,1,0,004,216,狂怒,948476994,1
20150331,1,0,1,1,0,004,216,狂鲨大战恶章,948476994,1
20150331,1,0,24767,20386,25,011,h11,首页,1,1
20150331,1,0,572,475,25,078,h11,汪星人,2,1
20150331,1,0,1131,1062,0,002,c11,旅游,20,1
20150331,1,0,1,1,0,003,216,单身公主相亲记,998287614,1
20150331,1,0,2,1,0,004,216,速度与激情7,958506466,1
20150331,1,0,1,1,0,010,216,13号星期五2,900373570,1
20150331,1,0,1,1,0,010,216,十万个冷笑话,858693614,1
20150331,6,0,145887,29205,0,055,e311,已暂停,-,1
20150331,5,0,9360,7750,25,003,h11,新加坡剧,10,1
20150331,51,0,60015,49590,25,004,h11,精选,1,1
20150331,3,0,6867,6279,25,007,h11,排行,5,1
20150331,4,0,4364,3757,25,074,h11,周三,4,1
20150331,1,0,6327,3543,0,001,a2,播放记录,3,1
20150331,3,0,11001,8588,0,003,h11,片花,7,1
20150331,1,0,1,1,0,004,216,洛杉矶之战,948476994,1
20150331,17,0,8382,7052,0,032,c654,1010,1,1
20150331,5,0,6519,4344,0,074,h11,美剧片库,4,1
20150331,1,0,436,414,25,003,h11,新加坡剧,11,1
20150331,263,0,605661,400164,25,004,h11,精选,2,1
20150331,4,0,15793,11830,0,003,h11,泰剧,10,1
20150331,10,0,14159,12554,0,003,h11,独播,5,1
20150331,1,0,18,12,0,031,c63,0020,2,1
20150331,104,0,11905144,285395,0,032,c66,进度,1,1
20150331,6,0,54883,20068,0,055,e312,全部开始,1,1
20150331,1,0,380,330,25,078,h11,喵星人,3,1
20150331,6,0,9374,6932,0,003,h11,自制,6,1
20150331,1,0,350,320,0,004,213,机器纪元,7,1
20150331,1,0,1,1,0,004,216,变形金刚4,958506466,1
20150331,1,0,1,1,0,004,216,少年派的奇幻漂流,958506466,1
20150331,1,0,1,1,0,004,216,老男孩,258,1
20150331,6,0,10726,10106,0,031,c683,1007,2,1
20150331,59,0,58108,36181,0,032,c675,2002,2,1
20150331,6,0,18303,14944,25,003,h11,经典剧,11,1
20150331,12,0,37092,31052,25,008,h11,首页,2,1
20150331,1,0,19,14,0,001,1c,暮光之城2:新月,1,1
20150331,1,0,6,6,0,001,1c,甄嬛传之鸾凤还巢07,2,1
20150331,139,0,826083,583145,0,001,a2,搜索,-,1
20150331,1,0,50,49,0,004,216,婚前试爱,83,1
20150331,1,0,1,1,0,004,216,机器纪元,849767490,1
20150331,1,0,1,1,0,004,216,杀破狼2,944049218,1
20150331,1,0,69,67,0,004,216,速度与激情7,216,1
20150331,1,0,1,1,0,004,216,防弹武僧,958506466,1
20150331,1,0,1,1,0,004,216,高梁地里大麦熟,857559022,1
20150331,1,0,12663,4953,0,009,h11,专题,9,1
20150331,3,0,37675,22790,0,009,h11,少儿,2,1
20150331,1,0,1573,1025,0,033,a2,下载,-,1
20150331,1,0,4656,4492,0,054,e38,全部删除,-,1
20150331,174,0,53534,41786,25,004,h11,会员,3,1
20150331,1,0,1533,1411,25,076,h11,剧星,5,1
20150331,34,0,54063,41774,25,100,h11,首页,-,1
20150331,1,0,1069,921,0,001,12,电影,2,1
20150331,1,0,4063,3682,0,003,212,少年四大名捕,6,1
20150331,1,0,1,1,0,004,216,赎罪,18,1
20150331,1,0,6404,4783,0,004,216,香港,-,1
20150331,1,0,1483,1259,0,011,h11,排行,2,1
20150331,1,0,1307,776,0,027,c21,甄嬛传,33,1
20150331,126,0,455267,280216,0,032,c67,1017,3,1
20150331,35,0,656696,170651,19,009,-,动漫,-,1
20150331,4,0,17321,5955,19,014,-,nba,-,1
20150331,1,0,1,1,0,003,216,薰衣草,982574794,1
20150331,1,0,121,110,0,004,213,变形金刚3,47,1
20150331,1,0,1,1,0,004,216,健男抢钱团,958506466,1
20150331,1,0,1,1,0,004,216,天将雄师,964955202,1
20150331,1,0,1,1,0,004,216,速度与激情7,964955202,1
20150331,3,0,6139,4311,0,007,h11,情感,7,1
20150331,22,0,2861,2249,0,031,c63,登录,-,1
20150331,2,0,982,905,0,100,h11,热播,2,1
20150331,1,0,248,220,0,001,1c,甄嬛传56,1,1
20150331,1,0,1,1,0,003,216,我的爱情面包,998287614,1
20150331,1,0,421,381,0,004,213,熊出没之雪岭熊风,1,1
20150331,1,0,7469,5841,0,004,216,喜剧,-,1
20150331,184,0,1526791,512155,0,031,c67,1004,1,1
20150331,1,0,2207,1720,0,032,c675,2005,4,1
20150331,6,0,13621,9820,19,075,-,英超,-,1
20150331,1,0,239,220,0,001,12,电影,5,1
20150331,2,0,5576,4890,0,001,1a,搜索框,1,1
20150331,3,0,4745,4338,0,002,a2,logo,-,1
20150331,1,0,1,1,0,004,216,推拿,5,1
20150331,1,0,4,1,0,004,216,玩物,1,1
20150331,1,0,1,1,0,004,216,疯狂外星人,121,1
20150331,30,0,50193,38856,0,004,h11,欧美,7,1
20150331,115,0,4479,3973,0,031,c62,0022,-,1
20150331,269,0,3261268,625034,0,031,c67,1001,4,1
20150331,289,0,1685058,764716,0,032,c65,0005,1,1
20150331,73,0,77623,58119,0,032,c675,2005,5,1
20150331,39,0,518818,196809,0,033,d33,我的缓存,3,1
20150331,3,0,7380,7151,0,054,e32,删除所有_缓存完成页面,1,1
20150331,2,0,13638,7433,0,069,e41,流畅,2,1
20150331,2,0,2178,1943,0,100,h11,周四,5,1
20150331,1,0,1840,1627,25,008,h11,电视资讯,5,1
20150331,4,0,2668,2486,25,074,h11,周六,7,1
20150331,2,0,392,363,0,001,12,电影,6,1
20150331,1,0,208,189,0,001,1c,甄嬛传59,1,1
20150331,46,0,68387,40897,0,001,21,更多,0,1
20150331,1,0,1874,1491,0,001,210,亲子,4,1
20150331,1,0,940,833,0,001,210,风尚,7,1
20150331,1,0,10351,6711,0,001,a2,搜索,2,1
20150331,4,0,14199,12552,0,002,c11,娱乐,8,1
20150331,1,0,1,1,0,004,216,人间中毒,964955202,1
20150331,1,0,2,2,0,004,216,玩物,2,1
20150331,1,0,1,1,0,004,216,美国队长2：冬日战士,958506466,1
20150331,4,0,7466,5955,0,030,21,专题,-,1
20150331,408,0,5100450,1350444,0,032,c67,1000,2,1
20150331,108,0,459720,259320,0,033,d33,播放记录,1,1
20150331,103,0,53235,40645,0,033,d34,开通会员,3,1
20150331,1,0,345,314,25,078,h11,其他,4,1
20150331,4,0,2710,2307,25,078,h11,首页,1,1
20150331,80,0,240461,194036,0,001,a2,搜索,3,1
20150331,1,0,183,161,0,003,212,-,1,1
20150331,1,0,1,1,0,004,216,不求回报,964955202,1
20150331,1,0,1,1,0,004,216,冰雪奇缘,998287614,1
20150331,45,0,326665,213902,25,003,h11,首页,-,1
20150331,1,0,806,680,0,001,1c,钟馗伏魔：雪妖魔灵,1,1
20150331,1,0,1,1,0,004,216,女演员大作战,27,1
20150331,1,0,22,18,0,004,216,无贱道,3,1
20150331,1,0,1,1,0,004,216,碟中谍5：神秘国度,958506466,1
20150331,31,0,24521,20596,0,004,h11,专题,4,1
20150331,1,0,847,654,0,006,h11,高尔夫,9,1
20150331,17,0,23401,11143,0,031,h22,禁用缓存,2,1
20150331,142,0,1028122,369809,0,032,c65,0002,6,1
20150331,122,0,5440402,330171,0,032,c67,进度条,4,1
20150331,11,0,1665,1481,0,033,d34,二维码,7,1
20150331,1,0,21607,14700,0,041,d13,文字搜索,-,1
20150331,1,0,3,3,0,041,d14,木乃伊3(电影),-,1
20150331,1,0,1832,1595,0,043,e54,1,1,1
20150331,4,0,5234,4125,25,006,h11,nba,2,1
20150331,2,0,8256,7204,25,007,h11,精选,1,1
20150331,1,0,3497,3171,0,001,12,电视剧,2,1
20150331,1,0,404,338,0,001,1c,男人不可以穷,1,1
20150331,1,0,5,4,0,001,1c,贱女孩 高清完整版,1,1
20150331,6,0,45493,23761,0,003,h11,分类筛选,0,1
20150331,1,0,1,1,0,004,216,一夜迷情,964955202,1
20150331,1,0,5,5,0,004,216,少年阿超,2,1
20150331,2,0,5982,4457,0,004,216,韩国,-,1
20150331,1,0,2,2,0,010,216,家庭,-,1
20150331,21,0,793,731,0,031,c62,0022,1,1
20150331,13,0,24339,12165,0,032,c65,卡顿投诉,2,1
20150331,29,0,123256,96830,25,007,h11,精选,2,1
20150331,4,0,5684,4828,25,074,h11,周二,3,1
20150331,1,0,2,2,0,001,1c,陪我,1,1
20150331,1,0,1,1,0,004,216,战略力量,958506466,1
20150331,1,0,1,1,0,004,216,男人不可以穷,974081090,1
20150331,4,0,31693,18153,0,009,h11,首页,1,1
20150331,34,0,1670,1459,0,031,c62,0022,2,1
20150331,1,0,1866,1274,0,032,c675,高清,3,1
20150331,1,0,4520,4136,0,001,11,张震讲故事,3,1
20150331,9,0,15389,14245,0,003,212,美版《甄嬛传》片段,1,1
20150331,1,0,1,1,0,004,216,少年时代,55,1
20150331,1,0,1,1,0,004,216,忍者神龟：变种时代,958506466,1
20150331,1,0,3,3,0,004,216,恐怖故事2,73,1
20150331,1,0,1,1,0,004,216,憨豆特工2,958506466,1
20150331,1,0,1,1,0,004,216,特种部队2：全面反击,958506466,1
20150331,45,0,119204,89284,0,031,h22,0007,3,1
20150331,51,0,406643,143167,0,032,c66,1013,5,1
20150331,19,0,16328,11429,0,032,c675,高清,4,1
20150331,88,0,745699,460448,25,003,h11,首页,1,1
20150331,1,0,2580,2268,0,001,12,电视剧,5,1
20150331,1,0,33,27,0,001,1c,暮光之城,1,1
20150331,11,0,231,206,0,001,1c,美版甄嬛传01,1,1
20150331,29,0,29981,26609,0,002,c11,美剧,2,1
20150331,3,0,17990,13287,0,004,216,免费,-,1
20150331,1,0,16,15,0,004,216,无贱道,7,1
20150331,1,0,1,1,0,004,216,狂暴飞车3d 国语版,958506466,1
20150331,1,0,1,1,0,004,216,美国队长2：冬日战士,964955202,1
20150331,1,0,1,1,0,004,216,贱女孩,998287614,1
20150331,2,0,8452,6766,0,008,h11,明星八卦,3,1
20150331,19,0,22471,18731,0,034,c71,返回,1,1
20150331,1,0,22409,18812,25,001,12,娱乐,-,1
20150331,3,0,14904,12923,25,003,h11,排行,12,1
20150331,2,0,4231,3695,25,007,h11,自制,4,1
20150331,1,0,5794,5267,0,001,11,张震讲故事,5,1
20150331,1,0,9,7,0,001,1c,雷神2：黑暗世界,1,1
20150331,1,0,1,1,0,004,216,念念,116,1
20150331,70,0,45854,33618,0,033,d32,设置,-,1
20150331,6,0,43270,18511,19,013,-,亲子,-,1
20150331,16,0,44194,34441,25,004,h11,港台,9,1
